 0.000000 1334.740479
 0.998004 1334.606445
 1.996008 1334.524048
 2.994012 1334.417358
 3.992016 1334.383911
 4.990020 1334.204102
 5.988024 1334.204102
 6.986028 1334.063965
 7.984032 1333.996826
 8.982036 1333.884033
 9.980040 1333.609741
 10.978044 1333.530518
 11.976048 1333.176880
 12.974052 1332.987915
 13.972056 1332.311279
 14.970060 1332.311279
 15.968064 1331.784058
 16.966068 1331.409180
 17.964072 1331.076782
 18.962076 1330.936646
 19.960080 1330.784180
 20.958084 1330.494751
 21.956088 1330.412476
 22.954092 1330.381958
 23.952096 1330.381958
 24.950100 1330.250854
 25.948104 1330.244751
 26.946108 1330.180664
 27.944112 1330.086182
 28.942116 1330.040527
 29.940120 1330.083252
 30.938124 1330.226440
 31.936128 1330.174561
 32.934132 1330.174561
 33.932136 1330.165527
 34.930140 1330.202148
 35.928144 1330.128906
 36.926148 1330.019165
 37.924152 1329.955200
 38.922156 1329.833374
 39.920160 1329.723511
 40.918164 1329.571045
 41.916168 1329.571045
 42.914172 1329.345581
 43.912176 1329.226685
 44.910180 1328.900635
 45.908184 1328.857910
 46.906188 1328.595825
 47.904192 1328.324463
 48.902196 1327.952637
 49.900200 1327.714966
 50.898204 1327.900757
 51.896208 1327.571655
 52.894212 1326.919434
 53.892216 1326.690796
 54.890220 1326.895020
 55.888224 1326.827881
 56.886228 1326.815674
 57.884232 1326.690796
 58.882236 1326.419556
 59.880240 1326.163574
 60.878244 1325.578247
 61.876248 1324.468872
 62.874251 1323.874390
 63.872255 1323.101685
 64.870259 1322.523926
 65.868263 1322.213501
 66.866267 1321.746948
 67.864271 1321.746948
 68.862275 1321.367676
 69.860279 1321.206421
 70.858283 1320.898560
 71.856287 1320.688599
 72.854291 1320.427002
 73.852295 1320.235107
 74.850299 1319.933472
 75.848303 1319.747437
 76.846307 1319.747437
 77.844311 1319.592041
 78.842315 1319.375610
 79.840319 1319.211060
 80.838323 1318.656250
 81.836327 1318.339233
 82.834331 1318.043579
 83.832335 1317.766235
 84.830339 1317.464478
 85.828343 1317.287720
 86.826347 1316.952393
 87.824351 1316.665894
 88.822355 1316.345947
 89.820359 1316.041382
 90.818363 1315.659546
 91.816367 1315.385742
 92.814371 1314.593384
 93.812375 1314.254883
 94.810379 1314.050659
 95.808383 1313.648438
 96.806387 1313.453369
 97.804391 1313.154663
 98.802395 1312.724854
 99.800399 1312.416992
 100.798403 1312.057251
 101.796407 1311.432495
 102.794411 1311.094238
 103.792415 1310.908203
 104.790419 1310.228516
 105.788423 1309.740845
 106.786427 1309.436035
 107.784431 1308.469849
 108.782435 1308.168091
 109.780439 1307.610352
 110.778443 1307.290161
 111.776447 1306.991455
 112.774451 1306.674683
 113.772455 1306.461182
 114.770459 1305.638184
 115.768463 1305.382202
 116.766467 1304.659790
 117.764471 1304.388672
 118.762475 1304.010620
 119.760479 1303.827759
 120.758483 1303.464966
 121.756487 1303.464966
 122.754491 1303.205933
 123.752495 1302.754761
 124.750499 1302.474365
 125.748503 1302.020386
 126.746507 1301.770264
 127.744511 1301.297974
 128.742515 1300.736938
 129.740519 1300.310303
 130.738523 1300.310303
 131.736527 1299.661133
 132.734531 1299.307495
 133.732535 1299.005859
 134.730539 1298.563843
 135.728543 1298.277344
 136.726547 1297.759277
 137.724551 1297.262329
 138.722555 1296.704468
 139.720559 1296.704468
 140.718563 1296.213867
 141.716567 1295.936401
 142.714571 1295.534058
 143.712575 1295.342163
 144.710579 1294.955078
 145.708583 1294.324097
 146.706587 1294.025391
 147.704591 1293.476685
 148.702595 1293.476685
 149.700599 1292.970703
 150.698603 1292.617188
 151.696607 1292.074585
 152.694611 1291.382690
 153.692615 1290.821899
 154.690619 1290.508057
 155.688623 1289.700195
 156.686627 1289.700195
 157.684631 1289.364990
 158.682635 1288.797974
 159.680639 1288.478027
 160.678643 1287.965942
 161.676647 1287.667236
 162.674651 1286.947876
 163.672655 1286.591309
 164.670659 1285.774414
 165.668663 1285.774414
 166.666667 1285.295898
 167.664671 1285.042969
 168.662675 1284.783813
 169.660679 1284.415039
 170.658683 1284.107178
 171.656687 1283.774902
 172.654691 1283.488403
 173.652695 1283.055664
 174.650699 1283.055664
 175.648703 1282.507080
 176.646707 1282.116821
 177.644711 1281.040894
 178.642715 1280.723877
 179.640719 1280.309448
 180.638723 1279.806396
 181.636727 1279.419312
 182.634731 1278.949951
 183.632735 1278.949951
 184.630739 1278.480591
 185.628743 1278.163696
 186.626747 1278.151489
 187.624750 1277.560181
 188.622754 1276.685303
 189.620758 1276.258667
 190.618762 1275.895752
 191.616766 1275.420410
 192.614770 1275.420410
 193.612774 1274.810791
 194.610778 1274.414551
 195.608782 1273.969482
 196.606786 1273.548950
 197.604790 1272.936157
 198.602794 1272.542969
 199.600798 1271.960938
 200.598802 1270.939819
 201.596806 1270.805664
 202.594810 1270.311890
 203.592814 1269.766357
 204.590818 1269.065308
 205.588822 1268.495361
 206.586826 1267.690552
 207.584830 1267.315674
 208.582834 1266.660400
 209.580838 1266.230591
 210.578842 1266.084351
 211.576846 1265.587524
 212.574850 1265.005249
 213.572854 1264.109253
 214.570858 1263.651978
 215.568862 1263.012085
 216.566866 1262.518188
 217.564870 1261.878174
 218.562874 1261.451416
 219.560878 1261.186157
 220.558882 1260.738037
 221.556886 1260.073730
 222.554890 1259.723267
 223.552894 1259.006958
 224.550898 1258.266235
 225.548902 1257.906616
 226.546906 1257.080444
 227.544910 1256.717773
 228.542914 1256.227173
 229.540918 1255.785034
 230.538922 1255.343262
 231.536926 1254.904297
 232.534930 1254.060059
 233.532934 1253.660767
 234.530938 1252.977905
 235.528942 1252.337891
 236.526946 1251.874634
 237.524950 1251.426514
 238.522954 1251.386963
 239.520958 1251.310669
 240.518962 1251.368652
 241.516966 1251.423584
 242.514970 1251.466064
 243.512974 1251.551514
 244.510978 1251.807495
 245.508982 1251.996582
 246.506986 1252.005615
 247.504990 1252.020874
 248.502994 1252.039185
 249.500998 1252.167236
 250.499002 1252.039185
 251.497006 1251.999512
 252.495010 1251.844116
 253.493014 1251.807495
 254.491018 1251.822754
 255.489022 1251.947754
 256.487026 1252.008789
 257.485030 1252.036133
 258.483034 1251.993408
 259.481038 1252.051270
 260.479042 1252.011719
 261.477046 1251.935547
 262.475050 1252.051270
 263.473054 1251.996582
 264.471058 1252.286011
 265.469062 1253.032837
 266.467066 1253.447266
 267.465070 1254.114746
 268.463074 1254.660400
 269.461078 1255.425537
 270.459082 1255.901001
 271.457086 1256.346069
 272.455090 1256.961670
 273.453094 1257.742065
 274.451098 1258.409546
 275.449102 1258.894165
 276.447106 1259.171509
 277.445110 1259.552490
 278.443114 1260.149902
 279.441118 1260.546143
 280.439122 1260.984985
 281.437126 1260.984985
 282.435130 1261.436157
 283.433134 1262.051758
 284.431138 1262.594482
 285.429142 1263.527100
 286.427146 1263.880615
 287.425150 1264.258667
 288.423154 1264.630371
 289.421158 1265.163818
 290.419162 1265.163818
 291.417166 1265.736938
 292.415170 1266.151367
 293.413174 1266.718262
 294.411178 1267.059692
 295.409182 1267.449829
 296.407186 1268.196655
 297.405190 1268.949585
 298.403194 1269.519409
 299.401198 1269.519409
 300.399202 1270.125977
 301.397206 1270.510010
 302.395210 1271.025146
 303.393214 1271.308594
 304.391218 1271.775024
 305.389222 1272.021851
 306.387226 1272.305298
 307.385230 1272.582764
 308.383234 1272.582764
 309.381238 1273.588501
 310.379242 1273.911621
 311.377246 1274.460205
 312.375249 1274.801636
 313.373253 1275.246582
 314.371257 1275.597046
 315.369261 1276.069580
 316.367265 1276.499390
 317.365269 1276.499390
 318.363273 1276.962646
 319.361277 1277.355835
 320.359281 1277.541870
 321.357285 1278.218384
 322.355289 1278.645142
 323.353293 1278.995728
 324.351297 1279.352295
 325.349301 1279.806396
 326.347305 1279.925293
 327.345309 1280.348999
 328.343313 1280.681152
 329.341317 1281.053101
 330.339321 1281.488892
 331.337325 1281.860840
 332.335329 1282.080200
 333.333333 1282.875854
 334.331337 1282.875854
 335.329341 1283.265869
 336.327345 1283.588989
 337.325349 1283.985229
 338.323353 1284.341919
 339.321357 1284.716797
 340.319361 1285.180176
 341.317365 1285.542847
 342.315369 1286.097534
 343.313373 1286.097534
 344.311377 1286.487549
 345.309381 1287.188721
 346.307385 1287.645874
 347.305389 1288.097046
 348.303393 1288.541992
 349.301397 1288.855835
 350.299401 1289.270508
 351.297405 1289.672852
 352.295409 1289.672852
 353.293413 1290.227539
 354.291417 1290.605469
 355.289421 1291.093262
 356.287425 1291.391968
 357.285429 1292.367188
 358.283433 1292.665894
 359.281437 1293.135254
 360.279441 1293.504150
 361.277445 1293.592529
 362.275449 1293.924805
 363.273453 1294.235718
 364.271457 1294.573975
 365.269461 1294.884888
 366.267465 1295.006836
 367.265469 1295.342163
 368.263473 1295.701782
 369.261477 1296.369385
 370.259481 1296.366211
 371.257485 1296.616211
 372.255489 1296.981934
 373.253493 1297.283691
 374.251497 1297.579346
 375.249501 1297.920776
 376.247505 1298.231567
 377.245509 1298.585205
 378.243513 1298.963135
 379.241517 1298.975342
 380.239521 1299.341187
 381.237525 1300.097046
 382.235529 1300.435303
 383.233533 1300.746216
 384.231537 1301.121094
 385.229541 1301.486938
 386.227545 1301.995972
 387.225549 1302.395264
 388.223553 1302.535400
 389.221557 1302.846313
 390.219561 1303.413208
 391.217565 1303.681396
 392.215569 1303.900879
 393.213573 1304.339844
 394.211577 1304.580688
 395.209581 1304.711548
 396.207585 1304.824463
 397.205589 1304.824463
 398.203593 1304.995117
 399.201597 1305.110962
 400.199601 1305.184082
 401.197605 1305.278687
 402.195609 1305.397339
 403.193613 1305.449341
 404.191617 1305.537598
 405.189621 1305.693115
 406.187625 1305.693115
 407.185629 1305.787598
 408.183633 1305.900391
 409.181637 1306.049683
 410.179641 1306.129028
 411.177645 1306.250977
 412.175649 1306.244873
 413.173653 1306.345459
 414.171657 1306.378906
 415.169661 1306.378906
 416.167665 1306.442871
 417.165669 1306.622681
 418.163673 1306.671509
 419.161677 1306.738647
 420.159681 1306.808716
 421.157685 1306.842163
 422.155689 1306.890991
 423.153693 1306.979492
 424.151697 1306.979492
 425.149701 1307.031250
 426.147705 1307.058594
 427.145709 1307.107422
 428.143713 1307.186646
 429.141717 1307.381714
 430.139721 1307.503662
 431.137725 1307.543213
 432.135729 1307.607178
 433.133733 1307.750488
 434.131737 1307.872437
 435.129741 1308.012573
 436.127745 1308.125366
 437.125749 1308.332764
 438.123752 1308.475952
 439.121756 1308.649780
 440.119760 1308.774658
 441.117764 1308.774658
 442.115768 1309.021484
 443.113772 1309.204468
 444.111776 1309.390259
 445.109780 1309.618896
 446.107784 1309.847534
 447.105788 1309.954224
 448.103792 1310.234619
 449.101796 1310.457153
 450.099800 1310.457153
 451.097804 1310.652222
 452.095808 1310.868652
 453.093812 1311.051514
 454.091816 1311.432495
 455.089820 1311.542236
 456.087824 1311.718994
 457.085828 1311.853149
 458.083832 1311.837891
 459.081836 1311.837891
 460.079840 1312.057251
 461.077844 1312.188477
 462.075848 1312.270752
 463.073852 1312.410889
 464.071856 1312.505371
 465.069860 1312.694458
 466.067864 1312.749268
 467.065868 1312.816284
 468.063872 1312.816284
 469.061876 1312.959473
 470.059880 1313.053955
 471.057884 1313.087524
 472.055888 1313.182007
 473.053892 1313.230835
 474.051896 1313.358765
 475.049900 1313.489868
 476.047904 1313.605713
 477.045908 1313.605713
 478.043912 1313.822144
 479.041916 1313.907593
 480.039920 1314.047729
 481.037924 1314.169678
 482.035928 1314.236572
 483.033932 1314.373779
 484.031936 1314.526245
 485.029940 1314.623657
 486.027944 1314.657349
 487.025948 1314.699951
 488.023952 1314.846191
 489.021956 1314.943848
 490.019960 1315.105347
 491.017964 1315.224243
 492.015968 1315.276001
 493.013972 1315.404053
 494.011976 1315.495483
 495.009980 1315.538086
 496.007984 1315.577881
 497.005988 1315.605225
 498.003992 1315.684448
 499.001996 1315.778931
