379293.90093738,4940279.60893779,3
379293.44466904,4940280.49653633,3
379292.9884007,4940281.38413487,3
379292.53213235,4940282.27173341,3
379292.07586401,4940283.15933195,3
379291.61959567,4940284.04693049,3
379291.16332733,4940284.93452903,3
379290.70705899,4940285.82212757,3
379290.25079065,4940286.70972612,3
379289.79452231,4940287.59732466,3
379289.33825397,4940288.4849232,3
379288.88198563,4940289.37252174,3
379288.42571729,4940290.26012028,3
379287.96944895,4940291.14771882,3
379287.51318061,4940292.03531736,3
379287.05691227,4940292.9229159,3
379286.60064393,4940293.81051444,3
379286.14437559,4940294.69811298,3
379285.68810725,4940295.58571152,3
379285.23183891,4940296.47331006,3
379284.77557057,4940297.36090861,3
379284.31930223,4940298.24850715,3
379283.86303389,4940299.13610569,3
379283.40676555,4940300.02370423,3
379282.95049721,4940300.91130277,3
379282.49422887,4940301.79890131,3
379282.03796053,4940302.68649985,3
379281.58169219,4940303.57409839,3
379281.12542385,4940304.46169693,3
379280.66915551,4940305.34929547,3
379280.21288716,4940306.23689401,3
379279.75661882,4940307.12449255,3
379279.30035048,4940308.01209109,3
379278.84408214,4940308.89968964,3
379278.3878138,4940309.78728818,3
379277.93154546,4940310.67488672,3
379277.47527712,4940311.56248526,3
379277.01900878,4940312.4500838,3
379276.56274044,4940313.33768234,3
379276.1064721,4940314.22528088,3
379275.65020376,4940315.11287942,3
379275.19393542,4940316.00047796,3
379274.73766708,4940316.8880765,3
379274.28139874,4940317.77567504,3
379273.8251304,4940318.66327359,3
379273.36886206,4940319.55087213,3
379272.91259372,4940320.43847067,3
379272.45632538,4940321.32606921,3
379272.00005704,4940322.21366775,3
379271.5437887,4940323.10126629,3
379271.08752036,4940323.98886483,3
379270.63125202,4940324.87646337,3
379270.17498368,4940325.76406191,3
379269.71871534,4940326.65166045,3
379269.262447,4940327.53925899,3
379268.80617866,4940328.42685753,3
379268.34991032,4940329.31445607,3
379267.89364198,4940330.20205462,3
379267.43737363,4940331.08965316,3
379266.98110529,4940331.9772517,3
379266.52483695,4940332.86485024,3
379266.06856861,4940333.75244878,3
379265.61230027,4940334.64004732,3
379265.15603193,4940335.52764586,3
379264.69976359,4940336.4152444,3
379264.24349525,4940337.30284294,3
379263.78722691,4940338.19044148,3
379263.33095857,4940339.07804002,3
379262.87469023,4940339.96563856,3
379262.41842189,4940340.85323711,3
379261.96215355,4940341.74083565,3
379261.50588521,4940342.62843419,3
379261.04961687,4940343.51603273,3
379260.59334853,4940344.40363127,3
379260.13708019,4940345.29122981,3
379259.68081185,4940346.17882835,3
379259.22454351,4940347.06642689,3
379258.76827517,4940347.95402543,3
379258.31200683,4940348.84162397,3
379257.85573849,4940349.72922251,3
379257.39947015,4940350.61682105,3
379256.94320181,4940351.5044196,3
379256.48693347,4940352.39201814,3
379256.03066513,4940353.27961668,3
379255.57439679,4940354.16721522,3
379255.11812844,4940355.05481376,3
379254.6618601,4940355.9424123,3
379254.20559176,4940356.83001084,3
379253.74932342,4940357.71760938,3
379253.29305508,4940358.60520792,3
379252.83678674,4940359.49280646,3
379252.3805184,4940360.380405,3
379251.92425006,4940361.26800354,3
379251.46798172,4940362.15560209,3
379251.01171338,4940363.04320063,3
379250.55544504,4940363.93079917,3
379250.0991767,4940364.81839771,3
379249.64290836,4940365.70599625,3
379249.18664002,4940366.59359479,3
379248.73037168,4940367.48119333,3
379248.27410334,4940368.36879187,3
379247.817835,4940369.25639041,3
379247.36156666,4940370.14398895,3
379246.90529832,4940371.03158749,3
379246.44902998,4940371.91918603,3
379245.99276164,4940372.80678457,3
379245.5364933,4940373.69438312,3
379245.08022496,4940374.58198166,3
379244.62395662,4940375.4695802,3
379244.16768828,4940376.35717874,3
379243.71141994,4940377.24477728,3
379243.2551516,4940378.13237582,3
379242.79888326,4940379.01997436,3
379242.34261491,4940379.9075729,3
379241.88634657,4940380.79517144,3
379241.43007823,4940381.68276998,3
379240.97380989,4940382.57036852,3
379240.51754155,4940383.45796706,3
379240.06127321,4940384.34556561,3
379239.60500487,4940385.23316415,3
379239.14873653,4940386.12076269,3
379238.69246819,4940387.00836123,3
379238.23619985,4940387.89595977,3
379237.77993151,4940388.78355831,3
379237.32366317,4940389.67115685,3
379236.86739483,4940390.55875539,3
379236.41112649,4940391.44635393,3
379235.95485815,4940392.33395247,3
379235.49858981,4940393.22155101,3
379235.04232147,4940394.10914955,3
379234.58605313,4940394.9967481,3
379234.12978479,4940395.88434664,3
379233.67351645,4940396.77194518,3
379233.21724811,4940397.65954372,3
379232.76097977,4940398.54714226,3
379232.30471143,4940399.4347408,3
379231.84844309,4940400.32233934,3
379231.39217475,4940401.20993788,3
379230.93590641,4940402.09753642,3
379230.47963807,4940402.98513496,3
379230.02336972,4940403.8727335,3
379229.56710138,4940404.76033204,3
379229.11083304,4940405.64793058,3
379228.6545647,4940406.53552913,3
379228.19829636,4940407.42312767,3
379227.74202802,4940408.31072621,3
379227.28575968,4940409.19832475,3
379226.82949134,4940410.08592329,3
379226.373223,4940410.97352183,3
379225.91695466,4940411.86112037,3
379225.46068632,4940412.74871891,3
379225.00441798,4940413.63631745,3
379224.54814964,4940414.52391599,3
379224.0918813,4940415.41151453,3
379223.63561296,4940416.29911308,3
379223.17934462,4940417.18671162,3
379222.72307628,4940418.07431016,3
379222.26680794,4940418.9619087,3
379221.8105396,4940419.84950724,3
379221.35427126,4940420.73710578,3
379220.89800292,4940421.62470432,3
379220.44173458,4940422.51230286,3
379219.98546624,4940423.3999014,3
379219.5291979,4940424.28749994,3
379219.07292956,4940425.17509848,3
379218.61666122,4940426.06269702,3
379218.16039288,4940426.95029556,3
379217.70412454,4940427.83789411,3
379217.24785619,4940428.72549265,3
379216.79158785,4940429.61309119,3
379216.33531951,4940430.50068973,3
379215.87905117,4940431.38828827,3
379215.42278283,4940432.27588681,3
379214.96651449,4940433.16348535,3
379214.51024615,4940434.05108389,3
379214.05397781,4940434.93868243,3
379213.59770947,4940435.82628097,3
379213.14144113,4940436.71387951,3
379212.68517279,4940437.60147806,3
379212.22890445,4940438.4890766,3
379211.77263611,4940439.37667514,3
379211.31636777,4940440.26427368,3
379210.86009943,4940441.15187222,3
379210.40383109,4940442.03947076,3
379209.94756275,4940442.9270693,3
379209.49129441,4940443.81466784,3
379209.03502607,4940444.70226638,3
379208.57875773,4940445.58986492,3
379208.12248939,4940446.47746346,3
379207.66622105,4940447.365062,3
379207.20995271,4940448.25266054,3
379206.75368437,4940449.14025909,3
379206.29741603,4940450.02785763,3
379205.84114769,4940450.91545617,3
379205.38487935,4940451.80305471,3
379204.928611,4940452.69065325,3
379204.47234266,4940453.57825179,3
379204.01607432,4940454.46585033,3
379203.55980598,4940455.35344887,3
379203.10353764,4940456.24104741,3
379202.6472693,4940457.12864595,3
379202.19100096,4940458.01624449,3
379201.73473262,4940458.90384303,3
379201.27846428,4940459.79144158,3
379200.82219594,4940460.67904012,3
379200.3659276,4940461.56663866,3
379199.90965926,4940462.4542372,3
379199.45339092,4940463.34183574,3
379198.99712258,4940464.22943428,3
379198.54085424,4940465.11703282,3
379198.0845859,4940466.00463136,3
379197.62831756,4940466.8922299,3
379197.17204922,4940467.77982844,3
379196.71578088,4940468.66742698,3
379196.25951254,4940469.55502552,3
379195.8032442,4940470.44262407,3
379195.34697586,4940471.33022261,3
379194.89070752,4940472.21782115,3
379194.43443918,4940473.10541969,3
379193.97817084,4940473.99301823,3
379193.5219025,4940474.88061677,3
379193.06563416,4940475.76821531,3
379192.60936582,4940476.65581385,3
379192.15309747,4940477.54341239,3
379191.69682913,4940478.43101093,3
379191.24056079,4940479.31860947,3
379190.78429245,4940480.20620801,3
379190.32802411,4940481.09380655,3
379189.87175577,4940481.9814051,3
379189.41548743,4940482.86900364,3
379188.95921909,4940483.75660218,3
379188.50295075,4940484.64420072,3
379188.04668241,4940485.53179926,3
379187.59041407,4940486.4193978,3
379187.13414573,4940487.30699634,3
379186.67787739,4940488.19459488,3
379186.22160905,4940489.08219342,3
379185.76534071,4940489.96979196,3
379185.30907237,4940490.8573905,3
379184.85280403,4940491.74498905,3
379184.39653569,4940492.63258759,3
379183.94026735,4940493.52018613,3
379183.48399901,4940494.40778467,3
379183.02773067,4940495.29538321,3
379182.57146233,4940496.18298175,3
379182.11519399,4940497.07058029,3
379181.65892565,4940497.95817883,3
379181.20265731,4940498.84577737,3
379180.74638897,4940499.73337591,3
379180.29012063,4940500.62097445,3
379179.83385228,4940501.50857299,3
379179.37758394,4940502.39617153,3
379178.9213156,4940503.28377008,3
379178.46504726,4940504.17136862,3
379178.00877892,4940505.05896716,3
379177.55251058,4940505.9465657,3
379177.09624224,4940506.83416424,3
379176.6399739,4940507.72176278,3
379176.18370556,4940508.60936132,3
379175.72743722,4940509.49695986,3
379175.27116888,4940510.3845584,3
379174.81490054,4940511.27215694,3
379174.3586322,4940512.15975548,3
379173.90236386,4940513.04735402,3
379173.44609552,4940513.93495257,3
379172.98982718,4940514.82255111,3
379172.53355884,4940515.71014965,3
379172.0772905,4940516.59774819,3
379171.62102216,4940517.48534673,3
379171.16475382,4940518.37294527,3
379170.70848548,4940519.26054381,3
379170.25221714,4940520.14814235,3
379169.7959488,4940521.03574089,3
379169.33968046,4940521.92333943,3
379168.88341212,4940522.81093797,3
379168.42714378,4940523.69853651,3
379167.97087544,4940524.58613505,3
379167.5146071,4940525.4737336,3
379167.05833875,4940526.36133214,3
379166.60207041,4940527.24893068,3
379166.14580207,4940528.13652922,3
379165.68953373,4940529.02412776,3
379165.23326539,4940529.9117263,3
379164.77699705,4940530.79932484,3
379164.32072871,4940531.68692338,3
379163.86446037,4940532.57452192,3
379163.40819203,4940533.46212046,3
379162.95192369,4940534.349719,3
379162.49565535,4940535.23731754,3
379162.03938701,4940536.12491609,3
379161.58311867,4940537.01251463,3
379161.12685033,4940537.90011317,3
379160.67058199,4940538.78771171,3
379160.21431365,4940539.67531025,3
379159.75804531,4940540.56290879,3
379159.30177697,4940541.45050733,3
379158.84550863,4940542.33810587,3
379158.38924029,4940543.22570441,3
379157.93297195,4940544.11330295,3
379157.47670361,4940545.00090149,3
379157.02043527,4940545.88850003,3
379156.56416693,4940546.77609858,3
379156.10789859,4940547.66369712,3
379155.65163025,4940548.55129566,3
379155.19536191,4940549.4388942,3
379154.73909356,4940550.32649274,3
379154.28282522,4940551.21409128,3
379153.82655688,4940552.10168982,3
379153.37028854,4940552.98928836,3
379152.9140202,4940553.8768869,3
379152.45775186,4940554.76448544,3
379152.00148352,4940555.65208398,3
379151.54521518,4940556.53968252,3
379151.08894684,4940557.42728106,3
379150.6326785,4940558.31487961,3
379150.17641016,4940559.20247815,3
379149.72014182,4940560.09007669,3
379149.26387348,4940560.97767523,3
379148.80760514,4940561.86527377,3
379148.3513368,4940562.75287231,3
379147.89506846,4940563.64047085,3
379147.43880012,4940564.52806939,3
379146.98253178,4940565.41566793,3
379146.52626344,4940566.30326647,3
379146.0699951,4940567.19086501,3
379145.61372676,4940568.07846356,3
379145.15745842,4940568.9660621,3
379144.70119008,4940569.85366064,3
379144.24492174,4940570.74125918,3
379143.7886534,4940571.62885772,3
379143.33238506,4940572.51645626,3
379142.87611672,4940573.4040548,3
379142.41984838,4940574.29165334,3
379141.96358003,4940575.17925188,3
379141.50731169,4940576.06685042,3
379141.05104335,4940576.95444896,3
379140.59477501,4940577.8420475,3
379140.13850667,4940578.72964604,3
379139.68223833,4940579.61724459,3
379139.22596999,4940580.50484313,3
379138.76970165,4940581.39244167,3
379138.31343331,4940582.28004021,3
379137.85716497,4940583.16763875,3
379137.40089663,4940584.05523729,3
379136.94462829,4940584.94283583,3
379136.48835995,4940585.83043437,3
379136.03209161,4940586.71803291,3
379135.57582327,4940587.60563145,3
379135.11955493,4940588.49322999,3
379134.66328659,4940589.38082854,3
379134.20701825,4940590.26842708,3
379133.75074991,4940591.15602562,3
379133.29448157,4940592.04362416,3
379132.83821323,4940592.9312227,3
379132.38194489,4940593.81882124,3
379131.92567655,4940594.70641978,3
379131.46940821,4940595.59401832,3
379131.01313987,4940596.48161686,3
379130.55687153,4940597.3692154,3
379130.10060319,4940598.25681394,3
379129.64433485,4940599.14441248,3
379129.1880665,4940600.03201102,3
379128.73179816,4940600.91960957,3
379128.27552982,4940601.80720811,3
379127.81926148,4940602.69480665,3
379127.36299314,4940603.58240519,3
379126.9067248,4940604.47000373,3
379126.45045646,4940605.35760227,3
379125.99418812,4940606.24520081,3
379125.53791978,4940607.13279935,3
379125.08165144,4940608.02039789,3
379124.6253831,4940608.90799643,3
379124.16911476,4940609.79559497,3
379123.71284642,4940610.68319351,3
379123.25657808,4940611.57079206,3
379122.80030974,4940612.4583906,3
379122.3440414,4940613.34598914,3
379121.88777306,4940614.23358768,3
379121.43150472,4940615.12118622,3
379120.97523638,4940616.00878476,3
379120.51896804,4940616.8963833,3
379120.0626997,4940617.78398184,3
379119.60643136,4940618.67158038,3
379119.15016302,4940619.55917892,3
379118.69389468,4940620.44677746,3
379118.23762634,4940621.334376,3
379117.781358,4940622.22197455,3
379117.32508966,4940623.10957309,3
379116.86882131,4940623.99717163,3
379116.41255297,4940624.88477017,3
379115.95628463,4940625.77236871,3
379115.50001629,4940626.65996725,3
379115.04374795,4940627.54756579,3
379114.58747961,4940628.43516433,3
379114.13121127,4940629.32276287,3
379113.67494293,4940630.21036141,3
379113.21867459,4940631.09795995,3
379112.76240625,4940631.98555849,3
379112.30613791,4940632.87315703,3
379111.84986957,4940633.76075558,3
379111.39360123,4940634.64835412,3
379110.93733289,4940635.53595266,3
379110.48106455,4940636.4235512,3
379110.02479621,4940637.31114974,3
379109.56852787,4940638.19874828,3
379109.11225953,4940639.08634682,3
379108.65599119,4940639.97394536,3
379108.19972285,4940640.8615439,3
379107.74345451,4940641.74914244,3
379107.28718617,4940642.63674098,3
379106.83091783,4940643.52433953,3
379106.37464949,4940644.41193807,3
379105.91838115,4940645.29953661,3
379105.46211281,4940646.18713515,3
379105.00584447,4940647.07473369,3
379104.54957613,4940647.96233223,3
379104.09330778,4940648.84993077,3
379103.63703944,4940649.73752931,3
379103.1807711,4940650.62512785,3
379102.72450276,4940651.51272639,3
379102.26823442,4940652.40032493,3
379101.81196608,4940653.28792347,3
379101.35569774,4940654.17552201,3
379100.8994294,4940655.06312056,3
379100.44316106,4940655.9507191,3
379099.98689272,4940656.83831764,3
379099.53062438,4940657.72591618,3
379099.07435604,4940658.61351472,3
379098.6180877,4940659.50111326,3
379098.16181936,4940660.3887118,3
379097.70555102,4940661.27631034,3
379097.24928268,4940662.16390888,3
379096.79301434,4940663.05150742,3
379096.336746,4940663.93910596,3
379095.88047766,4940664.8267045,3
379095.42420932,4940665.71430305,3
379094.96794098,4940666.60190159,3
379094.51167264,4940667.48950013,3
379094.0554043,4940668.37709867,3
379093.59913596,4940669.26469721,3
379093.14286762,4940670.15229575,3
379092.68659928,4940671.03989429,3
379092.23033094,4940671.92749283,3
379091.77406259,4940672.81509137,3
379091.31779425,4940673.70268991,3
379090.86152591,4940674.59028845,3
379090.40525757,4940675.47788699,3
379089.94898923,4940676.36548554,3
379089.49272089,4940677.25308408,3
379089.03645255,4940678.14068262,3
379088.58018421,4940679.02828116,3
379088.12391587,4940679.9158797,3
379087.66764753,4940680.80347824,3
379087.21137919,4940681.69107678,3
379086.75511085,4940682.57867532,3
379086.29884251,4940683.46627386,3
379085.84257417,4940684.3538724,3
379085.38630583,4940685.24147094,3
379084.93003749,4940686.12906948,3
379084.47376915,4940687.01666803,3
379084.01750081,4940687.90426657,3
379083.56123247,4940688.79186511,3
379083.10496413,4940689.67946365,3
379082.64869579,4940690.56706219,3
379082.19242745,4940691.45466073,3
379081.73615911,4940692.34225927,3
379081.27989077,4940693.22985781,3
379080.82362243,4940694.11745635,3
379080.36735409,4940695.00505489,3
379079.91108575,4940695.89265343,3
379079.45481741,4940696.78025197,3
379078.99854906,4940697.66785051,3
379078.54228072,4940698.55544906,3
379078.08601238,4940699.4430476,3
379077.62974404,4940700.33064614,3
379077.1734757,4940701.21824468,3
379076.71720736,4940702.10584322,3
379076.26093902,4940702.99344176,3
379075.80467068,4940703.8810403,3
379075.34840234,4940704.76863884,3
379074.892134,4940705.65623738,3
379074.43586566,4940706.54383592,3
379073.97959732,4940707.43143446,3
379073.52332898,4940708.319033,3
379073.06706064,4940709.20663155,3
379072.6107923,4940710.09423009,3
379072.15452396,4940710.98182863,3
379071.69825562,4940711.86942717,3
379071.24198728,4940712.75702571,3
379070.78571894,4940713.64462425,3
379070.3294506,4940714.53222279,3
379069.87318226,4940715.41982133,3
379069.41691392,4940716.30741987,3
379068.96064558,4940717.19501841,3
379068.50437724,4940718.08261695,3
379068.0481089,4940718.97021549,3
379067.59184056,4940719.85781404,3
379067.13557222,4940720.74541258,3
379066.67930387,4940721.63301112,3
379066.22303553,4940722.52060966,3
379065.76676719,4940723.4082082,3
379065.31049885,4940724.29580674,3
