 0.000000 1250.493774
 0.999805 1250.213379
 1.342071 1250.240845
 2.341876 1249.887329
 2.622707 1250.149414
 3.622512 1249.978760
 4.434905 1250.103760
 5.434711 1250.103760
 6.375380 1250.125000
 7.375186 1249.871948
 8.306310 1249.871948
 9.306115 1249.932983
 10.289406 1250.320068
 11.289211 1250.036621
 12.221485 1250.332275
 13.221290 1250.042725
 14.147088 1249.932983
 15.146893 1250.420776
 16.060455 1250.420776
 17.060260 1250.518188
 17.969953 1250.182861
 18.969758 1250.243896
 19.925996 1250.237793
 20.925801 1250.365845
 21.891475 1250.289673
 22.891280 1250.570068
 23.809821 1250.378052
 24.809626 1250.478638
 25.712510 1250.509155
 26.712315 1250.695068
 27.691917 1250.554810
 28.691722 1250.554810
 29.691527 1250.661499
 29.732684 1250.637085
 30.732489 1250.637085
 31.732295 1250.609619
 32.515515 1250.624878
 33.515320 1250.844238
 34.515125 1250.886963
 34.554817 1250.886963
 35.554622 1250.908325
 36.554427 1250.850342
 36.693159 1250.850342
 37.692964 1250.944946
 38.692770 1250.844238
 38.889531 1251.103394
 39.889336 1251.103394
 40.857120 1251.051636
 41.856925 1250.929688
 42.744859 1250.798584
 43.744665 1250.807861
 44.702521 1250.695068
 45.702326 1250.740723
 46.545351 1250.807861
 47.545157 1251.060669
 48.365318 1251.280273
 49.365123 1251.408203
 50.304432 1251.429688
 51.304238 1251.429688
 52.069576 1251.438721
 53.069381 1251.505859
 53.960953 1251.649048
 54.960758 1251.682495
 55.660834 1251.682495
 56.660639 1251.752563
 57.074955 1251.822754
 58.074760 1251.917236
 58.556927 1251.917236
 59.556733 1251.968994
 60.271437 1251.856323
 61.271242 1251.944702
 61.963476 1251.868530
 62.963281 1251.944702
 63.932282 1251.926392
 64.932088 1251.853149
 65.809409 1251.917236
 66.809214 1251.749634
 67.735134 1251.085083
 68.734940 1251.002808
 69.734745 1250.975464
 69.785756 1250.975464
 70.785561 1250.960205
 71.785367 1250.981567
 71.884596 1251.051636
 72.884401 1251.088257
 73.844799 1251.152222
 74.844604 1251.152222
 75.788073 1251.185669
 76.787878 1251.201050
 77.729275 1251.268066
 78.729080 1251.292358
 79.670263 1251.286377
 80.670068 1251.286377
 81.518853 1251.274170
 82.518658 1251.255859
 83.371938 1251.374756
 84.371743 1251.457031
 84.875934 1251.408203
 85.875740 1251.350342
 86.660485 1251.310669
 87.660290 1251.368652
 88.160135 1251.393066
 89.159941 1251.426514
 90.044247 1251.487549
 91.044053 1251.569824
 91.921460 1251.569824
 92.921266 1251.658203
 93.921071 1251.737427
 93.929511 1251.737427
 94.929316 1251.755737
 95.929122 1251.713013
 96.059670 1251.713013
 97.059475 1251.685669
 98.059281 1251.694702
 98.900712 1251.743530
 99.900517 1251.743530
 100.627394 1251.859253
 101.627199 1251.770874
 102.471594 1251.950806
 103.471400 1251.776978
 104.371030 1251.856323
 105.370835 1251.819702
 106.283177 1251.892822
 107.282982 1252.234253
 108.217456 1252.118408
 109.217261 1252.005615
 110.118878 1251.871460
 111.118683 1251.886841
 112.118489 1251.908081
 112.138079 1251.908081
 113.137884 1251.953857
 114.137689 1251.987305
 114.154087 1251.987305
 115.153892 1252.042236
 116.066141 1252.100098
 117.065947 1252.155029
 118.024544 1252.155029
 119.024349 1252.212891
 120.024155 1252.267822
 120.059723 1252.267822
 121.059528 1252.325684
 121.917568 1252.383667
 122.917374 1252.255615
 123.845705 1252.237305
 124.845510 1252.362183
 125.845315 1252.703613
 125.906318 1252.855957
 126.906123 1252.855957
 127.651212 1253.224854
 128.651017 1253.624146
 129.224751 1253.624146
 130.224556 1253.791870
 130.755117 1254.056885
 131.754923 1254.413452
 132.535759 1254.901245
 133.535564 1254.776367
 133.818651 1254.776367
 134.818456 1253.624146
 135.739004 1253.328491
 136.738809 1253.328491
 137.738614 1252.819336
 137.813324 1252.819336
 138.813129 1252.401978
 139.812934 1252.310425
 139.988042 1252.310425
 140.987847 1252.423218
 141.961978 1252.432251
 142.961783 1252.609131
 143.902801 1252.941406
 144.902607 1252.874268
 145.850451 1252.874268
 146.850257 1253.127319
 147.605901 1252.776855
 148.605706 1252.743164
 149.387725 1252.913940
 150.387530 1252.834717
 151.254386 1252.743164
 152.254191 1252.785889
 153.086420 1252.801270
 154.086225 1252.810303
 155.086031 1252.822510
 155.187634 1252.822510
 156.187439 1252.895630
 157.088826 1252.916992
 158.088632 1252.926147
 158.959290 1252.959595
 159.959095 1252.971802
 160.796784 1252.971802
 161.796590 1253.209595
 162.633907 1253.130249
 163.633712 1253.127319
 164.591762 1253.230957
 165.591568 1253.209595
 166.568330 1253.270508
 167.568135 1253.322388
 168.488813 1253.307129
 169.488618 1253.419922
 170.488423 1253.487061
 170.739218 1253.487061
 171.739023 1253.980713
 172.650093 1253.822144
 173.649898 1253.648560
 174.554898 1253.511353
 175.554704 1253.416748
 176.478584 1253.739868
 177.478389 1253.736938
 178.400368 1253.736938
 179.400173 1253.624146
 180.295542 1253.456543
 181.295347 1253.398682
 182.195022 1253.392578
 183.194827 1253.371094
 183.488809 1253.371094
 184.488614 1253.456543
 184.770619 1253.383301
 185.770424 1253.383301
 186.156902 1253.493042
 187.156707 1253.584473
